1 -791.4728926551373
2 -774.0737203372831
3 -765.0798776020083
4 -762.493747118794
5 -761.9186512563851
6 -761.7652285381289
7 -761.6949499377343
8 -761.6475508272677
9 -761.6113786106587
10 -761.5829544430766
11 -761.560443295085
12 -761.5425557366966
13 -761.5283098373864
14 -761.5169424778377
15 -761.5078564792915
16 -761.5005826954069
17 -761.4947514318851
18 -761.4900705758837
19 -761.4863087475802
20 -761.4832822602989
21 -761.4808449882158
22 -761.4788804652065
23 -761.4772957029687
24 -761.4760163395804
25 -761.474982821279
26 -761.4741473894921
27 -761.4734716975016
28 -761.4729249208684
29 -761.4724822561977
30 -761.4721237261456
31 -761.4718332264343
32 -761.4715977647121
33 -761.4714068515688
34 -761.4712520127763
35 -761.4711263979751
36 -761.4710244664143
37 -761.4709417343469
